[    0     0 99999]
[    0     0 10001]
[29172     0   157]
[29173     0   153]
[31201     0   251]
[38322     0    62]
[44666     0   252]
[51776     0   154]
[53966     0   251]
[61080     0   120]
[76081     0    82]
[80916     0   251]
[88023     0    55]
[92415     0   252]
[99537     0    29]
[114524      0     48]
[120331      0    252]
[127450      0     52]
[134065      0    251]
[141189      0     46]
[147314      0    252]
[154419      0     21]
[159614      0    252]
[166726      0     15]
[173347      0    252]
[180451      0     75]
[184930      0    251]
[192033      0    101]
[196580      0    252]
[203694      0    148]
[208763      0    251]
[215901      0    118]
[221763      0    252]
[228875      0    102]
[231879      0    252]
[238995      0    123]
[243896      0    251]
[251007      0    110]
[257795      0    252]
[264916      0     54]
[268445      0    252]
[275560      0     40]
[278412      0    252]
[285524      0    131]
[289161      0    252]
[296276      0    158]
[299595      0    252]
[306702      0      8]
[310794      0    252]
[317902      0     31]
[324311      0    252]
[331430      0    124]
[337177      0    251]
[344286      0    117]
[346810      0    252]
[353927      0     97]
[355544      0    251]
[362658      0     98]
[364910      0    251]
[372035      0    132]
[374926      0    251]
[382051      0    116]
[388259      0    251]
[395368      0     42]
[402393      0    251]
[409497      0    105]
[410559      0    251]
[417668      0    108]
[422692      0    251]
[429807      0    150]
[434042      0    252]
[441153      0     18]
[442192      0    251]
[449300      0     73]
[450475      0    251]
[457600      0    133]
[460675      0    252]
[467795      0     30]
[473491      0    252]
[480607      0      5]
[484058      0    252]
[491165      0     91]
[496957      0    251]
[504068      0     13]
[507557      0    252]
[514664      0    125]
[518173      0    252]
[525295      0     25]
[526557      0    251]
[533674      0     88]
[539506      0    252]
[546619      0     70]
[549023      0    252]
[556132      0     64]
[560823      0    252]
[567968      0     60]
[573722      0    251]
[580833      0    159]
[584155      0    252]
[591276      0    144]
[596055      0    252]
[603172      0     58]
[605538      0    251]
[612655      0    145]
[613972      0    251]
[621095      0    139]
[624305      0    251]
[631417      0     36]
[638721      0    251]
[645831      0     43]
[652071      0    251]
[659198      0      7]
[663704      0    252]
[670835      0    149]
[685861      0     32]
[693470      0    252]
[700575      0     44]
[704520      0    251]
[711619      0    146]
[716919      0    251]
[724033      0     27]
[729536      0    251]
[736655      0    103]
[740869      0    252]
[747976      0     92]
[762987      0    140]
[777990      0      3]
[781268      0    251]
[788404      0     11]
[791568      0    251]
[798680      0     41]
[799834      0    251]
[806980      0    142]
[814834      0    252]
[821956      0     71]
[826034      0    252]
[833147      0     37]
[836900      0    252]
[844006      0    106]
[847650      0    251]
[854773      0     79]
[861900      0    252]
[869012      0     35]
[874716      0    251]
[881832      0     45]
[896881      0     78]
[900665      0    252]
[907776      0    122]
[911665      0    251]
[918787      0     84]
[922782      0    251]
[929894      0     56]
[935365      0    252]
[942479      0     72]
[946698      0    252]
[953807      0     33]
[954814      0    251]
[961923      0    160]
[966897      0    252]
[974010      0     81]
[974981      0    251]
[982087      0     99]
[985830      0    251]
[992950      0     20]
[996813      0    251]
[1003927       0     135]
[1010546       0     252]
[1017677       0     127]
[1022730       0     252]
[1029837       0      65]
[1031963       0     251]
[1039074       0     107]
[1042212       0     251]
[1049321       0      28]
[1055662       0     251]
[1062781       0     121]
[1063529       0     251]
[1070664       0      34]
[1072512       0     251]
[1079626       0      90]
[1084128       0     251]
[1091235       0       1]
[1092061       0     251]
[1099174       0      68]
[1102628       0     251]
[1109743       0       4]
[1114778       0     251]
[1121892       0      80]
[1128527       0     252]
[1135639       0      49]
[1137060       0     251]
[1144173       0      85]
[1146777       0     252]
[1153886       0      86]
[1158877       0     252]
[1165991       0      77]
[1169676       0     252]
[1176792       0      16]
[1178826       0     252]
[1185939       0     114]
[1190243       0     251]
[1197372       0     126]
[1203209       0     252]
[1210341       0      14]
[1213025       0     252]
[1220173       0     136]
[1235155       0     109]
[1240625       0     252]
[1247733       0     155]
[1250341       0     251]
[1257446       0      61]
[1261874       0     252]
[1268985       0     119]
[1271808       0     252]
[1278919       0     100]
[1283007       0     251]
[1290119       0     113]
[1293057       0     251]
[1300163       0     115]
[1304490       0     251]
[1311604       0     112]
[1315990       0     252]
[1323109       0      10]
[1325306       0     251]
[1332414       0      69]
[1334623       0     252]
[1341740       0     104]
[1344189       0     252]
[1351298       0      38]
[1353389       0     252]
[1360501       0     152]
[1366622       0     252]
[1373755       0      94]
[1377188       0     252]
[1384317       0      83]
[1389572       0     251]
[1396687       0     143]
[1399555       0     252]
[1406687       0      19]
[1409971       0     251]
[1417089       0      51]
[1419154       0     251]
[1426266       0      95]
[1432971       0     252]
[1440101       0     134]
[1444454       0     252]
[1451572       0     156]
[1466564       0     147]
[1470770       0     251]
[1477936       0      96]
[1484520       0     252]
[1491654       0     137]
[1492486       0     251]
[1499596       0     141]
[1502769       0     252]
[1509880       0     128]
[1513686       0     252]
[1520815       0      76]
[1526202       0     251]
[1533313       0      39]
[1538168       0     252]
[1545289       0      87]
[1549635       0     252]
[1556786       0     138]
[1559585       0     251]
[1566695       0      22]
[1570034       0     252]
[1577152       0      59]
[1580884       0     251]
[1587992       0      23]
[1591384       0     252]
[1598495       0       6]
[1604317       0     252]
[1611456       0     111]
[1614950       0     252]
[1622057       0       9]
[1623150       0     251]
[1630266       0      89]
[1631833       0     251]
[1638941       0      17]
[1639850       0     251]
[1646962       0      12]
[1651033       0     251]
[1658138       0      24]
[1660266       0     252]
[1667376       0       2]
[1669466       0     251]
[1676589       0     157]
[1678132       0     252]
[1685254       0      93]
[1689365       0     252]
[1696475       0     129]
[1697398       0     251]
[1704509       0      66]
[1706648       0     251]
[1713766       0     151]
[1719931       0     252]
[1727046       0      74]
[1730131       0     251]
[1737240       0     130]
[1740047       0     251]
[1747163       0      67]
[1750164       0     251]
[1757271       0      53]
[1759497       0     252]
[1766609       0      50]
[1768347       0     251]
[1775458       0      63]
[1780613       0     252]
[1787730       0      26]
[1789496       0     251]
[1796613       0      47]
[1800729       0     252]
[1807840       0      57]
[1808613       0     251]
