[    0     0 99999]
[    0     0 10001]
[7293    0  157]
[7293    0  153]
[7800    0  251]
[9580    0   62]
[11166     0   252]
[12944     0   154]
[13492     0   251]
[15270     0   120]
[19020     0    82]
[20229     0   251]
[22006     0    55]
[23104     0   252]
[24884     0    29]
[28631     0    48]
[30083     0   252]
[31862     0    52]
[33516     0   251]
[35297     0    46]
[36828     0   252]
[38605     0    21]
[39904     0   252]
[41682     0    15]
[43337     0   252]
[45113     0    75]
[46232     0   251]
[48008     0   101]
[49145     0   252]
[50924     0   148]
[52191     0   251]
[53975     0   118]
[55441     0   252]
[57219     0   102]
[57970     0   252]
[59749     0   123]
[60974     0   251]
[62752     0   110]
[64449     0   252]
[66229     0    54]
[67111     0   252]
[68890     0    40]
[69603     0   252]
[71381     0   131]
[72290     0   252]
[74069     0   158]
[74899     0   252]
[76676     0     8]
[77698     0   252]
[79476     0    31]
[81078     0   252]
[82858     0   124]
[84294     0   251]
[86072     0   117]
[86702     0   252]
[88482     0    97]
[88886     0   251]
[90664     0    98]
[91228     0   251]
[93009     0   132]
[93732     0   251]
[95513     0   116]
[97065     0   251]
[98842     0    42]
[100598      0    251]
[102374      0    105]
[102640      0    251]
[104417      0    108]
[105673      0    251]
[107452      0    150]
[108510      0    252]
[110288      0     18]
[110548      0    251]
[112325      0     73]
[112619      0    251]
[114400      0    133]
[115169      0    252]
[116949      0     30]
[118373      0    252]
[120152      0      5]
[121014      0    252]
[122791      0     91]
[124239      0    251]
[126017      0     13]
[126889      0    252]
[128666      0    125]
[129543      0    252]
[131324      0     25]
[131639      0    251]
[133418      0     88]
[134876      0    252]
[136655      0     70]
[137256      0    252]
[139033      0     64]
[140206      0    252]
[141992      0     60]
[143430      0    251]
[145208      0    159]
[146039      0    252]
[147819      0    144]
[149014      0    252]
[150793      0     58]
[151384      0    251]
[153164      0    145]
[153493      0    251]
[155274      0    139]
[156076      0    251]
[157854      0     36]
[159680      0    251]
[161458      0     43]
[163018      0    251]
[164800      0      7]
[165926      0    252]
[167709      0    149]
[171465      0     32]
[173368      0    252]
[175144      0     44]
[176130      0    251]
[177905      0    146]
[179230      0    251]
[181008      0     27]
[182384      0    251]
[184164      0    103]
[185217      0    252]
[186994      0     92]
[190747      0    140]
[194498      0      3]
[195317      0    251]
[197101      0     11]
[197892      0    251]
[199670      0     41]
[199958      0    251]
[201745      0    142]
[203708      0    252]
[205489      0     71]
[206508      0    252]
[208287      0     37]
[209225      0    252]
[211002      0    106]
[211912      0    251]
[213693      0     79]
[215475      0    252]
[217253      0     35]
[218679      0    251]
[220458      0     45]
[224220      0     78]
[225166      0    252]
[226944      0    122]
[227916      0    251]
[229697      0     84]
[230696      0    251]
[232474      0     56]
[233841      0    252]
[235620      0     72]
[236674      0    252]
[238452      0     33]
[238704      0    251]
[240481      0    160]
[241724      0    252]
[243502      0     81]
[243745      0    251]
[245522      0     99]
[246458      0    251]
[248238      0     20]
[249203      0    251]
[250982      0    135]
[252636      0    252]
[254419      0    127]
[255682      0    252]
[257459      0     65]
[257991      0    251]
[259769      0    107]
[260553      0    251]
[262330      0     28]
[263916      0    251]
[265695      0    121]
[265882      0    251]
[267666      0     34]
[268128      0    251]
[269906      0     90]
[271032      0    251]
[272809      0      1]
[273015      0    251]
[274794      0     68]
[275657      0    251]
[277436      0      4]
[278694      0    251]
[280473      0     80]
[282132      0    252]
[283910      0     49]
[284265      0    251]
[286043      0     85]
[286694      0    252]
[288472      0     86]
[289719      0    252]
[291498      0     77]
[292419      0    252]
[294198      0     16]
[294706      0    252]
[296485      0    114]
[297561      0    251]
[299343      0    126]
[300802      0    252]
[302585      0     14]
[303256      0    252]
[305043      0    136]
[308789      0    109]
[310156      0    252]
[311933      0    155]
[312585      0    251]
[314362      0     61]
[315468      0    252]
[317246      0    119]
[317952      0    252]
[319730      0    100]
[320752      0    251]
[322530      0    113]
[323264      0    251]
[325041      0    115]
[326122      0    251]
[327901      0    112]
[328998      0    252]
[330777      0     10]
[331326      0    251]
[333104      0     69]
[333656      0    252]
[335435      0    104]
[336047      0    252]
[337824      0     38]
[338347      0    252]
[340125      0    152]
[341656      0    252]
[343439      0     94]
[344297      0    252]
[346079      0     83]
[347393      0    251]
[349172      0    143]
[349889      0    252]
[351672      0     19]
[352493      0    251]
[354272      0     51]
[354788      0    251]
[356566      0     95]
[358243      0    252]
[360025      0    134]
[361114      0    252]
[362893      0    156]
[366641      0    147]
[367692      0    251]
[369484      0     96]
[371130      0    252]
[372914      0    137]
[373122      0    251]
[374899      0    141]
[375692      0    252]
[377470      0    128]
[378422      0    252]
[380204      0     76]
[381550      0    251]
[383328      0     39]
[384542      0    252]
[386322      0     87]
[387409      0    252]
[389196      0    138]
[389896      0    251]
[391674      0     22]
[392508      0    252]
[394288      0     59]
[395221      0    251]
[396998      0     23]
[397846      0    252]
[399624      0      6]
[401079      0    252]
[402864      0    111]
[403738      0    252]
[405514      0      9]
[405788      0    251]
[407566      0     89]
[407958      0    251]
[409735      0     17]
[409962      0    251]
[411740      0     12]
[412758      0    251]
[414534      0     24]
[415066      0    252]
[416844      0      2]
[417366      0    251]
[419147      0    157]
[419533      0    252]
[421314      0     93]
[422341      0    252]
[424119      0    129]
[424350      0    251]
[426127      0     66]
[426662      0    251]
[428442      0    151]
[429983      0    252]
[431762      0     74]
[432533      0    251]
[434310      0    130]
[435012      0    251]
[436791      0     67]
[437541      0    251]
[439318      0     53]
[439874      0    252]
[441652      0     50]
[442087      0    251]
[443864      0     63]
[445153      0    252]
[446932      0     26]
[447374      0    251]
[449153      0     47]
[450182      0    252]
[451960      0     57]
[452153      0    251]
[    0     0 99999]
[    0     0 10001]
[7293    0  157]
[7293    0  153]
[7800    0  251]
[9580    0   62]
[11166     0   252]
[12944     0   154]
[13492     0   251]
[15270     0   120]
[19020     0    82]
[20229     0   251]
[22006     0    55]
[23104     0   252]
[24884     0    29]
[28631     0    48]
[30083     0   252]
[31862     0    52]
[33516     0   251]
[35297     0    46]
[36828     0   252]
[38605     0    21]
[39904     0   252]
[41682     0    15]
[43337     0   252]
[45113     0    75]
[46232     0   251]
[48008     0   101]
[49145     0   252]
[50924     0   148]
[52191     0   251]
[53975     0   118]
[55441     0   252]
[57219     0   102]
[57970     0   252]
[59749     0   123]
[60974     0   251]
[62752     0   110]
[64449     0   252]
[66229     0    54]
[67111     0   252]
[68890     0    40]
[69603     0   252]
[71381     0   131]
[72290     0   252]
[74069     0   158]
[74899     0   252]
[76676     0     8]
[77698     0   252]
[79476     0    31]
[81078     0   252]
[82858     0   124]
[84294     0   251]
[86072     0   117]
[86702     0   252]
[88482     0    97]
[88886     0   251]
[90664     0    98]
[91228     0   251]
[93009     0   132]
[93732     0   251]
[95513     0   116]
[97065     0   251]
[98842     0    42]
[100598      0    251]
[102374      0    105]
[102640      0    251]
[104417      0    108]
[105673      0    251]
[107452      0    150]
[108510      0    252]
[110288      0     18]
[110548      0    251]
[112325      0     73]
[112619      0    251]
[114400      0    133]
[115169      0    252]
[116949      0     30]
[118373      0    252]
[120152      0      5]
[121014      0    252]
[122791      0     91]
[124239      0    251]
[126017      0     13]
[126889      0    252]
[128666      0    125]
[129543      0    252]
[131324      0     25]
[131639      0    251]
[133418      0     88]
[134876      0    252]
[136655      0     70]
[137256      0    252]
[139033      0     64]
[140206      0    252]
[141992      0     60]
[143430      0    251]
[145208      0    159]
[146039      0    252]
[147819      0    144]
[149014      0    252]
[150793      0     58]
[151384      0    251]
[153164      0    145]
[153493      0    251]
[155274      0    139]
[156076      0    251]
[157854      0     36]
[159680      0    251]
[161458      0     43]
[163018      0    251]
[164800      0      7]
[165926      0    252]
[167709      0    149]
[171465      0     32]
[173368      0    252]
[175144      0     44]
[176130      0    251]
[177905      0    146]
[179230      0    251]
[181008      0     27]
[182384      0    251]
[184164      0    103]
[185217      0    252]
[186994      0     92]
[190747      0    140]
[194498      0      3]
[195317      0    251]
[197101      0     11]
[197892      0    251]
[199670      0     41]
[199958      0    251]
[201745      0    142]
[203708      0    252]
[205489      0     71]
[206508      0    252]
[208287      0     37]
[209225      0    252]
[211002      0    106]
[211912      0    251]
[213693      0     79]
[215475      0    252]
[217253      0     35]
[218679      0    251]
[220458      0     45]
[224220      0     78]
[225166      0    252]
[226944      0    122]
[227916      0    251]
[229697      0     84]
[230696      0    251]
[232474      0     56]
[233841      0    252]
[235620      0     72]
[236674      0    252]
[238452      0     33]
[238704      0    251]
[240481      0    160]
[241724      0    252]
[243502      0     81]
[243745      0    251]
[245522      0     99]
[246458      0    251]
[248238      0     20]
[249203      0    251]
[250982      0    135]
[252636      0    252]
[254419      0    127]
[255682      0    252]
[257459      0     65]
[257991      0    251]
[259769      0    107]
[260553      0    251]
[262330      0     28]
[263916      0    251]
[265695      0    121]
[265882      0    251]
[267666      0     34]
[268128      0    251]
[269906      0     90]
[271032      0    251]
[272809      0      1]
[273015      0    251]
[274794      0     68]
[275657      0    251]
[277436      0      4]
[278694      0    251]
[280473      0     80]
[282132      0    252]
[283910      0     49]
[284265      0    251]
[286043      0     85]
[286694      0    252]
[288472      0     86]
[289719      0    252]
[291498      0     77]
[292419      0    252]
[294198      0     16]
[294706      0    252]
[296485      0    114]
[297561      0    251]
[299343      0    126]
[300802      0    252]
[302585      0     14]
[303256      0    252]
[305043      0    136]
[308789      0    109]
[310156      0    252]
[311933      0    155]
[312585      0    251]
[314362      0     61]
[315468      0    252]
[317246      0    119]
[317952      0    252]
[319730      0    100]
[320752      0    251]
[322530      0    113]
[323264      0    251]
[325041      0    115]
[326122      0    251]
[327901      0    112]
[328998      0    252]
[330777      0     10]
[331326      0    251]
[333104      0     69]
[333656      0    252]
[335435      0    104]
[336047      0    252]
[337824      0     38]
[338347      0    252]
[340125      0    152]
[341656      0    252]
[343439      0     94]
[344297      0    252]
[346079      0     83]
[347393      0    251]
[349172      0    143]
[349889      0    252]
[351672      0     19]
[352493      0    251]
[354272      0     51]
[354788      0    251]
[356566      0     95]
[358243      0    252]
[360025      0    134]
[361114      0    252]
[362893      0    156]
[366641      0    147]
[367692      0    251]
[369484      0     96]
[371130      0    252]
[372914      0    137]
[373122      0    251]
[374899      0    141]
[375692      0    252]
[377470      0    128]
[378422      0    252]
[380204      0     76]
[381550      0    251]
[383328      0     39]
[384542      0    252]
[386322      0     87]
[387409      0    252]
[389196      0    138]
[389896      0    251]
[391674      0     22]
[392508      0    252]
[394288      0     59]
[395221      0    251]
[396998      0     23]
[397846      0    252]
[399624      0      6]
[401079      0    252]
[402864      0    111]
[403738      0    252]
[405514      0      9]
[405788      0    251]
[407566      0     89]
[407958      0    251]
[409735      0     17]
[409962      0    251]
[411740      0     12]
[412758      0    251]
[414534      0     24]
[415066      0    252]
[416844      0      2]
[417366      0    251]
[419147      0    157]
[419533      0    252]
[421314      0     93]
[422341      0    252]
[424119      0    129]
[424350      0    251]
[426127      0     66]
[426662      0    251]
[428442      0    151]
[429983      0    252]
[431762      0     74]
[432533      0    251]
[434310      0    130]
[435012      0    251]
[436791      0     67]
[437541      0    251]
[439318      0     53]
[439874      0    252]
[441652      0     50]
[442087      0    251]
[443864      0     63]
[445153      0    252]
[446932      0     26]
[447374      0    251]
[449153      0     47]
[450182      0    252]
[451960      0     57]
[452153      0    251]
